Coefficient: [8.699679072368832e-07]
Intercept: 5.504445030129237
Variance: 2.397566568556078e-09
R2: 2.912021734857717e-10
RMSE: 2.869213803059828
