Coefficient: [8.699679072096759e-07]
Intercept: 5.50444503012924
Variance: 2.3975587482961537e-09
R2: 2.912021734857717e-10
RMSE: 2.869213803059828
